0 1.67 0.49 89.47 5.59 64.52 10.35 40.00 4.22 51.61 1.67 46.55 0.05
0 1.67 0.49 88.89 5.38 64.52 10.35 40.00 4.22 51.61 1.67 46.55 0.05
0 1.67 0.49 88.89 5.38 64.52 10.35 40.00 4.22 51.61 1.67 46.55 0.05
0 1.67 0.49 88.89 5.38 64.52 10.35 40.00 4.22 51.61 1.67 46.55 0.05
0 1.67 0.49 88.89 5.38 64.52 10.35 40.00 4.22 51.61 1.67 46.55 0.05
0 1.67 0.49 88.89 5.38 64.52 10.35 40.00 4.22 51.61 1.67 46.55 0.05
0 1.67 0.49 88.89 5.38 64.52 10.35 40.00 4.22 51.61 1.67 46.55 0.05
0 1.67 0.49 88.89 5.38 64.52 10.35 40.00 4.22 51.61 1.67 46.55 0.05
0 1.67 0.49 88.89 5.38 64.52 10.35 40.00 4.22 51.61 1.67 46.55 0.05
0 1.67 0.49 88.89 5.38 64.52 10.35 40.00 4.22 51.61 1.67 46.55 0.05
0 1.67 0.49 88.89 5.38 64.52 10.35 40.00 4.22 51.61 1.67 46.55 0.05
0 1.67 0.49 88.89 5.38 64.52 10.35 40.00 4.22 51.61 1.67 46.55 0.05
0 1.67 0.49 88.89 5.38 64.52 10.35 40.00 4.22 51.61 1.67 46.55 0.05
0 17.44 13.73 0.31 0.00 0.38 0.00 35.56 4.12 47.72 1.67 44.59 0.05
0 1.67 0.49 88.89 5.38 64.52 10.35 40.00 4.22 51.61 1.67 46.55 0.05
0 1.67 0.49 88.89 5.38 64.52 10.35 40.00 4.22 51.61 1.67 46.55 0.05
0 1.67 0.49 88.89 5.38 64.52 10.35 40.00 4.22 51.61 1.67 46.55 0.05
0 1.67 0.49 88.89 5.38 64.52 10.35 40.00 4.22 51.61 1.67 46.55 0.05
0 1.67 0.49 88.89 5.38 64.52 10.35 40.00 4.22 51.61 1.67 46.55 0.05
0 1.67 0.49 88.89 5.38 64.52 10.35 40.00 4.22 51.61 1.67 46.55 0.05
0 1.67 0.49 88.89 5.38 64.52 10.35 40.00 4.22 51.61 1.67 46.55 0.05
0 1.67 0.49 88.89 5.38 65.67 9.67 40.74 4.23 51.44 1.66  inf  inf
0 1.67 0.49 88.89 5.38 65.67 9.67 40.74 4.23 51.44 1.66  inf  inf
0 1.67 0.49 88.89 5.38 65.67 9.67 40.74 4.23 51.44 1.66 45.90 0.08
0 1.67 0.49 88.89 5.38 65.67 9.67 40.74 4.23 51.44 1.66 45.90 0.08
0 1.67 0.49 88.89 5.38 65.67 9.67 40.74 4.23 51.44 1.66 45.90 0.08
0 1.67 0.49 88.89 5.38 65.67 9.67 40.74 4.23 51.44 1.66 45.90 0.08
0 1.64 0.13 88.89 5.38 65.67 9.67 40.74 4.23 51.44 1.66 45.90 0.08
0 1.64 0.13 88.89 5.38 65.67 9.67 40.74 4.23 51.44 1.66 45.90 0.08
0 1.67 0.49 88.89 5.38 65.67 9.67 40.74 4.23 51.44 1.66 45.90 0.08
0 1.67 0.49 88.89 5.38 65.67 9.67 40.74 4.23 51.44 1.66 45.90 0.08
0 1.67 0.49 88.89 5.38 65.67 9.67 40.74 4.23 51.44 1.66 45.90 0.08
0 1.67 0.49 88.89 5.38 65.67 9.67 40.74 4.23 51.44 1.66 45.90 0.08
